0.026810 108
18.845815 1
0.090771 1
0.285171 11
0.004452 37
0.000381 108
14.072908 1
0.120920 1
0.699929 1
0.384034 1
0.394767 1
0.132815 1
0.180727 1
0.964492 1
0.344881 1
0.426749 1
0.153220 1
0.176873 1
0.152594 1
0.158412 1
0.180606 1
0.241855 1
0.498321 1
1.049221 1
0.276707 1
0.304991 1
0.187984 1
0.118373 1
1.480958 1
0.099878 1
0.429634 1
0.335210 1
0.200664 1
0.190681 1
0.337221 1
1.559273 4
0.254511 1
0.498294 4
0.260226 1
0.160224 1
0.224285 1
0.208822 1
0.876591 11
0.001985 433
0.000352 8
0.000139 100
15.117980 32
0.672327 11
0.002132 1022
0.000097 108
11.650437 1
0.105841 1
0.215490 11
0.002078 37
0.000224 108
2.082343 1
0.075402 1
0.646693 1
0.208417 1
0.154140 1
0.082420 1
0.278378 11
0.002873 10
0.000037 268
0.000582 108
4.440035 1
0.261939 1
0.247682 1
0.706505 1
0.105256 1
0.225823 1
0.191761 1
0.817933 1
0.529077 1
0.373400 1
0.164522 1
1.198896 1
0.094405 1
0.101442 1
0.883341 1
0.297547 1
0.255840 1
0.450627 1
0.106145 1
0.171027 1
0.391840 1
0.541598 1
0.505684 1
0.070797 1
0.161052 1
0.227860 1
0.169197 1
0.198825 1
0.497288 1
0.251371 1
0.733941 1
2.365229 1
0.167124 1
0.258388 1
0.177405 1
0.640367 1
0.043917 1
1.778703 1
0.256541 1
0.181031 1
0.163615 1
0.167800 1
0.392954 1
0.717449 1
0.305305 1
0.436132 11
0.009270 399
1.023775 35
1.024537 33
1.024951 34
1.024509 34
1.024456 33
1.024638 34
1.025290 33
1.024139 33
1.025092 34
1.024662 33
1.024614 33
1.025811 34
1.024851 33
1.025061 34
1.026131 34
1.024022 33
1.024461 33
1.025249 34
1.023896 33
1.024700 33
1.024507 34
1.024515 33
1.024812 33
1.024459 35
0.142866 46
0.000445 108
0.165070 19
0.000012 9
0.000022 2
0.000110 108
65.389515 1
0.236056 1
0.121270 1
0.096623 1
0.221567 17
